//=========================================================================================================================================
// NHServers www.nhservers.com.br
//=========================================================================================================================================
/////////////////////////////////////////////////////////////////////////////
//NPC NAME - 002 - Pasi the Wizard
/////////////////////////////////////////////////////////////////////////////
//Index Type   	Level   Dur   	Skill   Luck   Option   ExcOp	SetOp	JoH	OEx	Socket1	Socket2	Socket3	Socket4	Socket5

15 0 0  255 0 0 0 0 0 0 0 255 255 255 255 255 //Poison 
15 1 0  255 0 0 0 0 0 0 0 255 255 255 255 255 //Meteorite 
15 2 0  255 0 0 0 0 0 0 0 255 255 255 255 255 //Lightning 
15 3 0  255 0 0 0 0 0 0 0 255 255 255 255 255 //Fireball 
15 4 0  255 0 0 0 0 0 0 0 255 255 255 255 255 //Flame 
15 5 0  255 0 0 0 0 0 0 0 255 255 255 255 255 //Teleport 
15 6 0  255 0 0 0 0 0 0 0 255 255 255 255 255 //Ice 
15 7 0  255 0 0 0 0 0 0 0 255 255 255 255 255 //Twister 
15 8 0  255 0 0 0 0 0 0 0 255 255 255 255 255 //Evil Spirits 
15 9 0  255 0 0 0 0 0 0 0 255 255 255 255 255 //Hellfire 
15 10 0 255 0 0 0 0 0 0 0 255 255 255 255 255 //Power Wave 
15 11 0 255 0 0 0 0 0 0 0 255 255 255 255 255 //Aurora 
15 12 0 255 0 0 0 0 0 0 0 255 255 255 255 255 //Comet 
15 13 0 255 0 0 0 0 0 0 0 255 255 255 255 255 //Inferno 
15 14 0 255 0 0 0 0 0 0 0 255 255 255 255 255 //Scroll of Mass Teleport
15 15 0 255 0 0 0 0 0 0 0 255 255 255 255 255 //Scroll of Soul Barrier

//15 16 0 255 0 0 0 0 0 0 0 255 255 255 255 255 //Scroll of Decay
//15 17 0 255 0 0 0 0 0 0 0 255 255 255 255 255 //Scroll of Ice Storm
//15 18 0 255 0 0 0 0 0 0 0 255 255 255 255 255 //Scroll of Nova
//15 28 0 255 0 0 0 0 0 0 0 255 255 255 255 255 //Scroll of Magic Circle

7 2 2 255 0 1 1 0 0 0 0 255 255 255 255 255 //Pad helm 
7 4 2 255 0 1 1 0 0 0 0 255 255 255 255 255 //Bone helm 

5 1 2 255 0 1 1 0 0 0 0 255 255 255 255 255 //Angelic Staff 
5 2 2 255 0 1 1 0 0 0 0 255 255 255 255 255 //Serpentstaff

8 2 2 255 0 1 1 0 0 0 0 255 255 255 255 255 //Pad armor 
8 4 2 255 0 1 1 0 0 0 0 255 255 255 255 255 //Bone armor

5 5 2 255 0 1 1 0 0 0 0 255 255 255 255 255 //Legendary Staff 
5 6 2 255 0 1 1 0 0 0 0 255 255 255 255 255 //Resurrectstaff  
5 8 2 255 0 1 1 0 0 0 0 255 255 255 255 255 //Staff Of Destruction  

9 2 2 255 0 1 1 0 0 0 0 255 255 255 255 255 //Pad pants 
9 4 2 255 0 1 1 0 0 0 0 255 255 255 255 255 //Bone pants

10 2 2 255 0 1 1 0 0 0 0 255 255 255 255 255 //Pad gloves
10 4 2 255 0 1 1 0 0 0 0 255 255 255 255 255 //Bone gloves

14 3 0 50  0 0 0 0 0 0 0 255 255 255 255 255 //Large Healing 
14 6 0 50  0 0 0 0 0 0 0 255 255 255 255 255 //Large Mana 
13 0 0 255 0 0 0 0 0 0 0 255 255 255 255 255 //Guardian Angel
13 1 0 255 0 0 0 0 0 0 0 255 255 255 255 255 //Satan 
11 2 2 255 0 1 1 0 0 0 0 255 255 255 255 255 //Pad boots
11 4 2 255 0 1 1 0 0 0 0 255 255 255 255 255 //Bone boots
end

