//=========================================================================================================================================
// NHServers www.nhservers.com.br
//=========================================================================================================================================
/////////////////////////////////////////////////////////////////////////////
//NPC NAME - 006 - Lumen the Barmaid
/////////////////////////////////////////////////////////////////////////////
//Index Type   	Level   Dur   	Skill   Luck   Option   ExcOp	SetOp	JoH	OEx	Socket1	Socket2	Socket3	Socket4	Socket5
13	16	1	0	0	0	0	0 0 0 0 0 0 0 0 0 //Scroll of Archangel 1
13	16	2	0	0	0	0	0 0 0 0 0 0 0 0 0 //Scroll of Archangel 2
13	16	3	0	0	0	0	0 0 0 0 0 0 0 0 0 //Scroll of Archangel 3
13	17	1	0	0	0	0	0 0 0 0 0 0 0 0 0 //Blood Bone 1
13	17	2	0	0	0	0	0 0 0 0 0 0 0 0 0 //Blood Bone 2
13	17	3	0	0	0	0	0 0 0 0 0 0 0 0 0 //Blood Bone 3
13      29      0       255     0       0       0       0 0 0 0 0 0 0 0 0 //Armor of Guardman
14	17	1	0	0	0	0	0 0 0 0 0 0 0 0 0 //Devil Eye 1
14	17	2	0	0	0	0	0 0 0 0 0 0 0 0 0 //Devil Eye 2
14	17	3	0	0	0	0	0 0 0 0 0 0 0 0 0 //Devil Eye 3
14	18	1	0	0	0	0	0 0 0 0 0 0 0 0 0 //Devil Key 1
14	18	2	0	0	0	0	0 0 0 0 0 0 0 0 0 //Devil Key 2
14	18	3	0	0	0	0	0 0 0 0 0 0 0 0 0 //Devil Key 3
13      1       0       255     0       0       0       0 0 0 0 0 0 0 0 0 //Satan 
13      0       0       255     0       0       0       0 0 0 0 0 0 0 0 0 //Guardian Angel 
end
