/////////////////////////////////////////////////////////////////////////////
//NPC NAME - 013 - Pamela the Supplier
/////////////////////////////////////////////////////////////////////////////
//Index Type   	Level   Dur   	Skill   Luck   Option   ExcOp	SetOp	JoH	OEx	Socket1	Socket2	Socket3	Socket4	Socket5
14          0      1       3       0       0      0        0 0 0 0 0 0 0 0 0
14          1      1       3       0       0      0        0 0 0 0 0 0 0 0 0
14          2      1       3       0       0      0        0 0 0 0 0 0 0 0 0
14          3      1       3       0       0      0        0 0 0 0 0 0 0 0 0
14          4      1       3       0       0      0        0 0 0 0 0 0 0 0 0
14          5      1       3       0       0      0        0 0 0 0 0 0 0 0 0
14          6      1       3       0       0      0        0 0 0 0 0 0 0 0 0
14          8      1       3       0       0      0        0 0 0 0 0 0 0 0 0
14          0      1       3       0       0      0        0 0 0 0 0 0 0 0 0
14          1      1       3       0       0      0        0 0 0 0 0 0 0 0 0
14          2      1       3       0       0      0        0 0 0 0 0 0 0 0 0
14          3      1       3       0       0      0        0 0 0 0 0 0 0 0 0
14          4      1       3       0       0      0        0 0 0 0 0 0 0 0 0
14          5      1       3       0       0      0        0 0 0 0 0 0 0 0 0
14          6      1       3       0       0      0        0 0 0 0 0 0 0 0 0
14          8      1       3       0       0      0        0 0 0 0 0 0 0 0 0
14          0      1       3       0       0      0        0 0 0 0 0 0 0 0 0
14          1      1       3       0       0      0        0 0 0 0 0 0 0 0 0
14          2      1       3       0       0      0        0 0 0 0 0 0 0 0 0
14          3      1       3       0       0      0        0 0 0 0 0 0 0 0 0
14          0      1       3       0       0      0        0 0 0 0 0 0 0 0 0
14          1      1       3       0       0      0        0 0 0 0 0 0 0 0 0
14          2      1       3       0       0      0        0 0 0 0 0 0 0 0 0
14          3      1       3       0       0      0        0 0 0 0 0 0 0 0 0
4           7      3       3       0       0      0        0 0 0 0 0 0 0 0 0
4           7      3       3       0       0      0        0 0 0 0 0 0 0 0 0
4           7      3       3       0       0      0        0 0 0 0 0 0 0 0 0
4           7      3       3       0       0      0        0 0 0 0 0 0 0 0 0
4           15     3       255     0       0      0        0 0 0 0 0 0 0 0 0
4           15     3       255     0       0      0        0 0 0 0 0 0 0 0 0
4           15     3       255     0       0      0        0 0 0 0 0 0 0 0 0
4           15     3       255     0       0      0        0 0 0 0 0 0 0 0 0
13          7      0       1       0       0      0        0 0 0 0 0 0 0 0 0
13          7      1       1       0       0      0        0 0 0 0 0 0 0 0 0
14          10     0       1       0       0      0        0 0 0 0 0 0 0 0 0
13          29     0       1       0       0      0        0 0 0 0 0 0 0 0 0
end