//=========================================================================================================================================
// NHServers www.nhservers.com.br
//=========================================================================================================================================
/////////////////////////////////////////////////////////////////////////////
//NPC NAME - 019 - Moss Merchant
/////////////////////////////////////////////////////////////////////////////
//Index Type   	Level   Dur   	Skill   Luck   Option   ExcOp	SetOp	JoH	OEx	Socket1	Socket2	Socket3	Socket4	Socket5
13          71     0       0     1       1      3        0 0 0 0 0 0 0 0 0
13          72     0       0     1       1      3        0 0 0 0 0 0 0 0 0
13          73     0       0     1       1      3        0 0 0 0 0 0 0 0 0
13          74     0       0     1       1      3        0 0 0 0 0 0 0 0 0
13          75     0       0     1       1      3        0 0 0 0 0 0 0 0 0
end
