//=========================================================================================================================================
// NHServers www.nhservers.com.br
//=========================================================================================================================================
/////////////////////////////////////////////////////////////////////////////
//NPC NAME JAMES
/////////////////////////////////////////////////////////////////////////////
//Index Type   	Level   Dur   	Skill   Luck   Option   ExcOp	SetOp	JoH	OEx	Socket1	Socket2	Socket3	Socket4	Socket5
7       110     0       0       0       0      0        0       0       0       0       255     255     255     255     255
7       111     0       0       0       0      0        0       0       0       0       255     255     255     255     255
7       112     0       0       0       0      0        0       0       0       0       255     255     255     255     255
7       113     0       0       0       0      0        0       0       0       0       255     255     255     255     255

8       110     0       0       0       0      0        0       0       0       0       255     255     255     255     255
8       111     0       0       0       0      0        0       0       0       0       255     255     255     255     255
8       112     0       0       0       0      0        0       0       0       0       255     255     255     255     255
8       113     0       0       0       0      0        0       0       0       0       255     255     255     255     255


10      110     0       0       0       0      0        0       0       0       0       255     255     255     255     255
10      111     0       0       0       0      0        0       0       0       0       255     255     255     255     255
10      112     0       0       0       0      0        0       0       0       0       255     255     255     255     255
10      113     0       0       0       0      0        0       0       0       0       255     255     255     255     255


9       110     0       0       0       0      0        0       0       0       0       255     255     255     255     255
9       111     0       0       0       0      0        0       0       0       0       255     255     255     255     255
9       112     0       0       0       0      0        0       0       0       0       255     255     255     255     255
9       113     0       0       0       0      0        0       0       0       0       255     255     255     255     255

11      110     0       0       0       0      0        0       0       0       0       255     255     255     255     255
11      111     0       0       0       0      0        0       0       0       0       255     255     255     255     255
11      112     0       0       0       0      0        0       0       0       0       255     255     255     255     255
11      113     0       0       0       0      0        0       0       0       0       255     255     255     255     255

14      173     0       0       0       0      0        0       0       0       0       255     255     255     255     255


end