//=========================================================================================================================================
// NHServers www.nhservers.com.br
//=========================================================================================================================================
/////////////////////////////////////////////////////////////////////////////
//NPC NAME JAMES
/////////////////////////////////////////////////////////////////////////////
//Index Type   	Level   Dur   	Skill   Luck   Option   ExcOp	SetOp	JoH	OEx	Socket1	Socket2	Socket3	Socket4	Socket5
7       115     0       0       0       0      0        0       0       0       0       255     255     255     255     255
7       116     0       0       0       0      0        0       0       0       0       255     255     255     255     255

15      201     0       0       0       0      0        0       0       0       0       255     255     255     255     255
15      201     0       0       0       0      0        0       0       0       0       255     255     255     255     255

8       115     0       0       0       0      0        0       0       0       0       255     255     255     255     255
8       116     0       0       0       0      0        0       0       0       0       255     255     255     255     255
8       114     0       0       0       0      0        0       0       0       0       255     255     255     255     255

15      201     0       0       0       0      0        0       0       0       0       255     255     255     255     255

10      115     0       0       0       0      0        0       0       0       0       255     255     255     255     255

15      201     0       0       0       0      0        0       0       0       0       255     255     255     255     255

10      114     0       0       0       0      0        0       0       0       0       255     255     255     255     255

15      201     0       0       0       0      0        0       0       0       0       255     255     255     255     255

9       115     0       0       0       0      0        0       0       0       0       255     255     255     255     255
9       116     0       0       0       0      0        0       0       0       0       255     255     255     255     255
9       114     0       0       0       0      0        0       0       0       0       255     255     255     255     255

15      201     0       0       0       0      0        0       0       0       0       255     255     255     255     255

11      115     0       0       0       0      0        0       0       0       0       255     255     255     255     255
11      116     0       0       0       0      0        0       0       0       0       255     255     255     255     255
11      114     0       0       0       0      0        0       0       0       0       255     255     255     255     255

15      201     0       0       0       0      0        0       0       0       0       255     255     255     255     255

14      173     0       0       0       0      0        0       0       0       0       255     255     255     255     255


end
