//=========================================================================================================================================
// NHServers www.nhservers.com.br
//=========================================================================================================================================
/////////////////////////////////////////////////////////////////////////////
//NPC NAME JAMES
/////////////////////////////////////////////////////////////////////////////
//Index Type   	Level   Dur   	Skill   Luck   Option   ExcOp	SetOp	JoH	OEx	Socket1	Socket2	Socket3	Socket4	Socket5
14      412     0       0       0       0      0        0       0       0       0       255     255     255     255     255
14      408     0       0       0       0      0        0       0       0       0       255     255     255     255     255
14      413     0       0       0       0      0        0       0       0       0       255     255     255     255     255
14      415     0       0       0       0      0        0       0       0       0       255     255     255     255     255
14      414     0       0       0       0      0        0       0       0       0       255     255     255     255     255
14      417     0       0       0       0      0        0       0       0       0       255     255     255     255     255
14      416     0       0       0       0      0        0       0       0       0       255     255     255     255     255
14      418     0       0       0       0      0        0       0       0       0       255     255     255     255     255

14      419     0       0       0       0      0        0       0       0       0       255     255     255     255     255

end
