//=========================================================================================================================================
// NHServers www.nhservers.com.br
//=========================================================================================================================================
0
//EventName              DropZen   ItemDropRate   ItemDropCount   SetItemDropRate   ItemDropType   Fireworks     DropInventory
"Box of Heaven"	         1000000   40		  1		  0		    0		   0             0
end

1
//Section   Type   MinLevel   MaxLevel   Skill   Luck   Option   Excellent
7           1      9          13         0       1      1        0
8           1      9          13         0       1      1        0
9           1      9          13         0       1      1        0
10          1      9          13         0       1      1        0 
11          1      9          13         0       1      1        0

7           3      9          13         0       1      1        0
8           3      9          13         0       1      1        0
9           3      9          13         0       1      1        0
10          3      9          13         0       1      1        0 
11          3      9          13         0       1      1        0

7           14     9          13         0       1      1        0
8           14     9          13         0       1      1        0
9           14     9          13         0       1      1        0
10          14     9          13         0       1      1        0 
11          14     9          13         0       1      1        0

8           15     9          13         0       1      1        0
9           15     9          13         0       1      1        0
10          15     9          13         0       1      1        0 
11          15     9          13         0       1      1        0


7           26     9          13         0       1      1        0
8           26     9          13         0       1      1        0
9           26     9          13         0       1      1        0
10          26     9          13         0       1      1        0 
11          26     9          13         0       1      1        0

7           59     9          13         0       1      1        0
8           59     9          13         0       1      1        0
9           59     9          13         0       1      1        0
0           32     9          13         0       1      1        0 
11          59     9          13         0       1      1        0

7           40     9          13         0       1      1        0
8           40     9          13         0       1      1        0
9           40     9          13         0       1      1        0
10          40     9          13         0       1      1        0 
11          40     9          13         0       1      1        0
end

//Dragon Set
//Legendary Set
//Guardian Set
//Unicorn Set
//Adamantine Set
//Sacred Set
//RedWing Set